2016 01 21 15 32 12 2 7
2016 02 5 18 12
2016 03  19   2  17  11   3
2016 04	  2  13   6   
2016 05	 12  16  15  11  15   2   9
2016 06	  2  19   4  19   7  19
2016 07	 12   3  18   7  
2016 08	  5   7   4  
2016 12	 14  10   3   5   6   8  20   7  10  
2016 09	 17   3  16  18  19  10   6  10  
2016 10	  5   3  12   4  12  15  
2016 11	 18  19  16   2   
2017 01   5   5   4  11
2017 02  41   3
2017 03  16   3   2   4   1   8   4  13
2017 04  13   6  17  19    2  10  20
2017 05  10  13   9   16   3   8   7  12  15
2017 06   3   6  18 
2017 07  15  18  15  12   9  15 
2017 08  11  19   
2017 09   5  15  11  19   2   1  10  
2017 10  12  15   4   6  14  12   
2017 11   9   8   9   4  20  20  19   3
2018 01  19  19   3  10  20  20  18  14   3  
2017 12   8  13  18   6   
2018 02   7  17   9  10  14   6  14  13  
2018 03  17   3  12  14   5   7  20  17   1  13
2018 04  14  17   4  14  
2018 07   5  10  
2018 06  16  14  13   8  20  19   2
2018 05   6  15  16   3  12
2018 08   1  15   8  18  16  19
2018 09   5   1   5  11  16  13   7  11   6  20
2018 10  14  17  12  12   8   8   5   9  10
2018 12   8   6  13  16   4  17  10
2018 11  10   2  11   8  17   8   6  18  15   1
